435000  216858 1191.8 100.59
 390000  465260 1206.0 -16.18
 255250  260452 1329.0  -2.00
 433000  416305 1372.0   4.01
 364500  490198 1399.0 -25.64
 478000  488091 1418.0  -2.07
 640000  695914 1472.0  -8.03
 618000  667780 1493.0  -7.45
 680000  495654 1497.0  37.19
 390000  663705 1506.0 -41.24
 527000  485537 1517.0   8.54
1300000  675315 1577.0  92.50
 690000  623262 1581.0  10.71
 528250  649261 1584.0 -18.64
 422500  765090 1627.0 -44.78
 749000  791005 1645.0  -5.31
 831000  778975 1649.0   6.68
 570000  744910 1657.0 -23.48
 535000  716888 1658.0 -25.37
1035000  928786 1699.0  11.44
 550000  958664 1724.0 -42.63
 991000  834573 1727.0  18.74
 627000  878505 1744.0 -28.63
1835000 1090347 1795.0  68.30
 627500 1074242 1812.0 -41.59
1800000 1142232 1821.0  57.59
1056001 1144060 1852.0  -7.70
 892500 1295922 1893.0 -31.13
1497000 1309696 1935.0  14.30
